novo sistema detectado 

######################### SISTEMA #########################

A: 

[[ 4. -1.  0. -1.  0.  0.]
 [-1.  4. -1.  0. -1.  0.]
 [ 0. -1.  4.  0.  0. -1.]
 [-1.  0.  0.  4. -1.  0.]
 [ 0. -1.  0. -1.  4. -1.]
 [ 0.  0. -1.  0. -1.  4.]]

B: 

[[1.0, 0.0, 0.0, 0.0, 0.0, 0.0], [0.0, 1.0, 0.0, 0.0, 0.0, 0.0], [0.0, 0.0, 1.0, 0.0, 0.0, 0.0], [0.0, 0.0, 0.0, 1.0, 0.0, 0.0], [0.0, 0.0, 0.0, 0.0, 1.0, 0.0], [0.0, 0.0, 0.0, 0.0, 0.0, 1.0]]

Determinante:

2415.0

Matrizes que representam as operacoes realizadas na eliminacao de Gauss: 


[[ 1.    0.    0.    0.    0.    0.  ]
 [ 0.25  1.    0.    0.    0.    0.  ]
 [-0.    0.    1.    0.    0.    0.  ]
 [ 0.25  0.    0.    1.    0.    0.  ]
 [-0.    0.    0.    0.    1.    0.  ]
 [-0.    0.    0.    0.    0.    1.  ]]

[[ 1.          0.          0.          0.          0.          0.        ]
 [ 0.          1.          0.          0.          0.          0.        ]
 [ 0.          0.26666667  1.          0.          0.          0.        ]
 [ 0.          0.06666667  0.          1.          0.          0.        ]
 [ 0.          0.26666667  0.          0.          1.          0.        ]
 [ 0.         -0.          0.          0.          0.          1.        ]]

[[1.         0.         0.         0.         0.         0.        ]
 [0.         1.         0.         0.         0.         0.        ]
 [0.         0.         1.         0.         0.         0.        ]
 [0.         0.         0.01785714 1.         0.         0.        ]
 [0.         0.         0.07142857 0.         1.         0.        ]
 [0.         0.         0.26785714 0.         0.         1.        ]]

[[1.         0.         0.         0.         0.         0.        ]
 [0.         1.         0.         0.         0.         0.        ]
 [0.         0.         1.         0.         0.         0.        ]
 [0.         0.         0.         1.         0.         0.        ]
 [0.         0.         0.         0.28708134 1.         0.        ]
 [0.         0.         0.         0.00478469 0.         1.        ]]

[[1.         0.         0.         0.         0.         0.        ]
 [0.         1.         0.         0.         0.         0.        ]
 [0.         0.         1.         0.         0.         0.        ]
 [0.         0.         0.         1.         0.         0.        ]
 [0.         0.         0.         0.         1.         0.        ]
 [0.         0.         0.         0.         0.31601124 1.        ]]


Matrizes que representam as permutacoes realizadas na eliminacao de Gauss: 


[]

L:

[[ 1.          0.          0.          0.          0.          0.        ]
 [-0.25        1.          0.          0.          0.          0.        ]
 [ 0.         -0.26666667  1.          0.          0.          0.        ]
 [-0.25       -0.06666667  0.          1.          0.          0.        ]
 [ 0.         -0.26666667  0.          0.          1.          0.        ]
 [ 0.          0.          0.          0.          0.          1.        ]]

U:

[[ 4.         -1.          0.         -1.          0.          0.        ]
 [ 0.          3.75       -1.         -0.25       -1.          0.        ]
 [ 0.          0.          3.73333333 -0.06666667 -0.26666667 -1.        ]
 [ 0.          0.          0.          3.73214286 -1.07142857 -0.01785714]
 [ 0.          0.          0.          0.          3.40669856 -1.07655502]
 [ 0.          0.          0.          0.          0.          3.39185393]]



Resolvendo o sistema...... 



RESPOSTA: 
[[0.28989852 0.08252475 0.02063119 0.07706933 0.01956929 0.        ]
 [0.08782375 0.31096024 0.07774006 0.04033475 0.07827715 0.        ]
 [0.01785714 0.07142857 0.26785714 0.         0.         0.        ]
 [0.07177033 0.01913876 0.00478469 0.26794258 0.         0.        ]
 [0.04353933 0.08988764 0.02247191 0.08426966 0.29353933 0.        ]
 [0.0194617  0.04968944 0.08612836 0.02815735 0.0931677  0.29482402]]
##################################################

novo sistema detectado 

######################### SISTEMA #########################

A: 

[[ 4. -1.  0.]
 [-1.  4. -1.]
 [ 0. -1.  4.]]

B: 

[[1.0, 0.0, 0.0], [0.0, 1.0, 0.0], [0.0, 0.0, 1.0]]

Determinante:

56.0

Matrizes que representam as operacoes realizadas na eliminacao de Gauss: 


[[ 1.    0.    0.  ]
 [ 0.25  1.    0.  ]
 [-0.    0.    1.  ]]

[[1.         0.         0.        ]
 [0.         1.         0.        ]
 [0.         0.26666667 1.        ]]


Matrizes que representam as permutacoes realizadas na eliminacao de Gauss: 


[]

L:

[[ 1.          0.          0.        ]
 [-0.25        1.          0.        ]
 [ 0.         -0.26666667  1.        ]]

U:

[[ 4.         -1.          0.        ]
 [ 0.          3.75       -1.        ]
 [ 0.          0.          3.73333333]]



Resolvendo o sistema...... 



RESPOSTA: 
[[0.26785714 0.07142857 0.01785714]
 [0.07142857 0.28571429 0.07142857]
 [0.01785714 0.07142857 0.26785714]]
##################################################

novo sistema detectado 

######################### SISTEMA #########################

A: 

[[ 3.  2.  0.  1.]
 [ 9.  8. -3.  4.]
 [-6.  4. -8.  0.]
 [ 3. -8.  3. -4.]]

B: 

[3.0, 6.0, -16.0, 18.0]

Determinante:

-144.0

Matrizes que representam as operacoes realizadas na eliminacao de Gauss: 


[[ 1.          0.          0.          0.        ]
 [-0.33333333  1.          0.          0.        ]
 [ 0.66666667  0.          1.          0.        ]
 [-0.33333333  0.          0.          1.        ]]

[[ 1.      0.      0.      0.    ]
 [ 0.      1.      0.      0.    ]
 [ 0.      0.875   1.      0.    ]
 [ 0.     -0.0625  0.      1.    ]]

[[1.         0.         0.         0.        ]
 [0.         1.         0.         0.        ]
 [0.         0.         1.         0.        ]
 [0.         0.         0.11538462 1.        ]]


Matrizes que representam as permutacoes realizadas na eliminacao de Gauss: 


[[0. 1. 0. 0.]
 [1. 0. 0. 0.]
 [0. 0. 1. 0.]
 [0. 0. 0. 1.]]

[[1. 0. 0. 0.]
 [0. 0. 0. 1.]
 [0. 0. 1. 0.]
 [0. 1. 0. 0.]]



L:

[[ 1.          0.          0.          0.        ]
 [ 0.33333333  1.          0.          0.        ]
 [-0.66666667 -0.875       1.          0.        ]
 [ 0.33333333  0.0625     -0.11538462  1.        ]]

U:

[[  9.           8.          -3.           4.        ]
 [  0.         -10.66666667   4.          -5.33333333]
 [  0.           0.          -6.5         -2.        ]
 [  0.           0.           0.          -0.23076923]]



Resolvendo o sistema...... 


B apos permutacoes (B'): 

[  6.  18. -16.   3.]

RESPOSTA: 
[ 2.00000000e+00 -1.00000000e+00  3.41607085e-16 -1.00000000e+00]
##################################################

